39
0 33 0 0 0 0 0 0 0 0 16 0 0 0 0 0 0 0 0 0 0 0 0 0 0 0 0 0 18 0 0 0 0 0 0 0 0 0 0 
0 0 44 20 23 16 24 0 16 22 39 50 0 0 0 0 22 0 0 19 21 0 21 0 0 26 33 0 47 20 16 0 18 25 19 26 19 16 29 
0 0 0 25 39 38 58 0 22 29 42 144 0 30 54 67 79 32 21 31 44 46 53 0 0 24 89 0 235 29 41 34 47 38 49 43 24 21 28 
0 0 0 0 56 53 48 91 148 138 23 0 0 0 0 0 24 21 26 48 30 24 42 62 69 135 33 16 33 31 39 44 42 76 45 80 211 110 161 
0 0 0 0 0 124 211 0 29 41 0 30 0 0 0 20 37 34 44 216 124 86 206 0 0 27 29 0 31 37 56 43 47 117 236 197 44 68 38 
0 0 0 0 0 0 150 32 22 25 0 18 0 0 27 33 51 26 24 89 185 122 184 30 17 24 25 0 26 28 58 55 61 78 194 259 46 87 35 
0 0 0 0 0 0 0 0 23 31 0 27 0 0 17 22 46 34 44 161 188 181 297 0 0 28 31 0 32 36 67 63 67 106 319 141 41 57 32 
0 0 0 0 0 0 0 0 105 70 0 0 0 0 0 0 0 0 0 0 0 0 0 479 262 41 0 230 0 16 18 29 29 20 0 27 72 91 40 
0 0 0 0 0 0 0 0 0 262 19 0 0 0 0 0 0 0 0 29 17 0 21 71 168 178 28 33 20 24 25 30 37 36 21 32 104 76 127 
0 0 0 0 0 0 0 0 0 0 21 23 0 0 0 0 18 0 0 32 18 16 28 48 81 189 31 0 22 28 26 34 37 40 28 36 95 52 129 
0 0 0 0 0 0 0 0 0 0 0 99 0 0 0 0 0 0 0 23 0 0 0 0 0 40 58 0 62 0 0 0 0 17 0 0 23 0 39 
0 0 0 0 0 0 0 0 0 0 0 0 25 20 29 39 46 0 0 28 25 23 29 0 0 31 124 0 185 21 21 0 21 24 27 25 23 0 33 
0 0 0 0 0 0 0 0 0 0 0 0 0 153 32 25 0 0 0 0 0 0 0 0 0 0 0 0 22 0 0 0 0 0 0 0 0 0 0 
0 0 0 0 0 0 0 0 0 0 0 0 0 0 140 89 0 0 0 0 0 0 0 0 0 0 0 0 0 0 0 0 0 0 0 0 0 0 0 
0 0 0 0 0 0 0 0 0 0 0 0 0 0 0 334 65 0 0 0 29 22 19 0 0 0 24 0 30 0 16 0 0 0 21 21 0 0 0 
0 0 0 0 0 0 0 0 0 0 0 0 0 0 0 0 101 0 0 0 32 28 26 0 0 0 35 0 39 0 19 0 19 0 32 27 0 18 0 
0 0 0 0 0 0 0 0 0 0 0 0 0 0 0 0 0 30 16 27 59 45 47 0 0 18 46 0 60 36 47 49 67 38 49 51 25 24 19 
0 0 0 0 0 0 0 0 0 0 0 0 0 0 0 0 0 0 321 46 27 27 35 0 0 0 31 0 38 133 117 47 54 74 34 29 26 26 23 
0 0 0 0 0 0 0 0 0 0 0 0 0 0 0 0 0 0 0 70 24 22 36 0 0 17 22 0 20 102 121 40 47 118 35 31 25 18 20 
0 0 0 0 0 0 0 0 0 0 0 0 0 0 0 0 0 0 0 0 71 56 125 0 0 36 32 0 32 43 47 40 35 156 133 127 51 60 40 
0 0 0 0 0 0 0 0 0 0 0 0 0 0 0 0 0 0 0 0 0 285 294 0 0 23 24 0 33 27 69 60 67 56 229 138 28 44 24 
0 0 0 0 0 0 0 0 0 0 0 0 0 0 0 0 0 0 0 0 0 0 233 0 0 0 23 0 29 29 73 77 66 46 180 84 17 20 22 
0 0 0 0 0 0 0 0 0 0 0 0 0 0 0 0 0 0 0 0 0 0 0 0 0 27 33 0 29 34 68 55 68 98 327 177 38 55 31 
0 0 0 0 0 0 0 0 0 0 0 0 0 0 0 0 0 0 0 0 0 0 0 0 216 36 0 220 0 0 18 20 30 0 0 24 49 77 33 
0 0 0 0 0 0 0 0 0 0 0 0 0 0 0 0 0 0 0 0 0 0 0 0 0 44 0 125 0 0 0 0 17 0 0 23 46 42 36 
0 0 0 0 0 0 0 0 0 0 0 0 0 0 0 0 0 0 0 0 0 0 0 0 0 0 45 0 35 28 17 21 22 42 22 35 118 55 180 
0 0 0 0 0 0 0 0 0 0 0 0 0 0 0 0 0 0 0 0 0 0 0 0 0 0 0 0 178 26 28 19 32 35 24 32 31 24 55 
0 0 0 0 0 0 0 0 0 0 0 0 0 0 0 0 0 0 0 0 0 0 0 0 0 0 0 0 0 0 0 0 0 0 0 0 16 24 0 
0 0 0 0 0 0 0 0 0 0 0 0 0 0 0 0 0 0 0 0 0 0 0 0 0 0 0 0 0 27 31 18 26 37 30 32 33 23 45 
0 0 0 0 0 0 0 0 0 0 0 0 0 0 0 0 0 0 0 0 0 0 0 0 0 0 0 0 0 0 98 75 118 62 28 33 31 35 35 
0 0 0 0 0 0 0 0 0 0 0 0 0 0 0 0 0 0 0 0 0 0 0 0 0 0 0 0 0 0 0 228 166 78 67 53 32 38 28 
0 0 0 0 0 0 0 0 0 0 0 0 0 0 0 0 0 0 0 0 0 0 0 0 0 0 0 0 0 0 0 0 200 50 63 43 30 38 24 
0 0 0 0 0 0 0 0 0 0 0 0 0 0 0 0 0 0 0 0 0 0 0 0 0 0 0 0 0 0 0 0 0 63 64 58 31 45 32 
0 0 0 0 0 0 0 0 0 0 0 0 0 0 0 0 0 0 0 0 0 0 0 0 0 0 0 0 0 0 0 0 0 0 90 114 64 82 60 
0 0 0 0 0 0 0 0 0 0 0 0 0 0 0 0 0 0 0 0 0 0 0 0 0 0 0 0 0 0 0 0 0 0 0 181 40 56 26 
0 0 0 0 0 0 0 0 0 0 0 0 0 0 0 0 0 0 0 0 0 0 0 0 0 0 0 0 0 0 0 0 0 0 0 0 65 121 44 
0 0 0 0 0 0 0 0 0 0 0 0 0 0 0 0 0 0 0 0 0 0 0 0 0 0 0 0 0 0 0 0 0 0 0 0 0 126 128 
0 0 0 0 0 0 0 0 0 0 0 0 0 0 0 0 0 0 0 0 0 0 0 0 0 0 0 0 0 0 0 0 0 0 0 0 0 0 62 
0 0 0 0 0 0 0 0 0 0 0 0 0 0 0 0 0 0 0 0 0 0 0 0 0 0 0 0 0 0 0 0 0 0 0 0 0 0 0 
