39
0 32 0 0 0 0 0 0 0 0 0 0 0 0 0 0 0 0 0 0 0 0 0 0 0 0 0 0 0 0 0 0 0 0 0 0 0 0 0 
0 0 42 19 22 0 23 0 0 21 37 48 0 0 0 0 22 0 0 0 20 0 21 0 0 26 32 0 45 20 0 0 0 23 0 25 0 0 28 
0 0 0 24 39 38 56 0 20 27 42 137 0 29 53 64 77 31 19 30 42 45 51 0 0 22 86 0 229 28 40 34 46 37 48 40 22 21 27 
0 0 0 0 55 52 46 84 142 134 21 0 0 0 0 0 23 20 23 46 29 23 42 60 66 129 31 0 29 30 38 42 39 72 42 78 210 106 155 
0 0 0 0 0 119 205 0 28 37 0 27 0 0 0 20 36 32 39 212 119 83 197 0 0 27 28 0 30 36 56 41 45 113 234 191 43 64 36 
0 0 0 0 0 0 142 29 22 24 0 0 0 0 26 32 49 25 23 80 178 115 178 29 0 23 23 0 25 27 56 54 60 70 185 253 43 80 34 
0 0 0 0 0 0 0 0 21 31 0 27 0 0 0 21 45 33 40 155 184 177 287 0 0 28 30 0 31 35 66 62 65 102 313 135 40 52 31 
0 0 0 0 0 0 0 0 101 66 0 0 0 0 0 0 0 0 0 0 0 0 0 469 256 38 0 219 0 0 0 27 27 17 0 25 64 82 38 
0 0 0 0 0 0 0 0 0 261 0 0 0 0 0 0 0 0 0 27 0 0 20 71 163 172 27 31 20 23 24 29 35 34 20 32 100 76 124 
0 0 0 0 0 0 0 0 0 0 20 21 0 0 0 0 0 0 0 31 0 0 27 48 77 186 31 0 21 28 25 33 37 36 27 36 91 50 128 
0 0 0 0 0 0 0 0 0 0 0 95 0 0 0 0 0 0 0 20 0 0 0 0 0 36 55 0 61 0 0 0 0 0 0 0 21 0 38 
0 0 0 0 0 0 0 0 0 0 0 0 25 18 29 37 44 0 0 27 24 23 28 0 0 28 121 0 182 20 20 0 21 23 26 24 22 0 31 
0 0 0 0 0 0 0 0 0 0 0 0 0 151 31 24 0 0 0 0 0 0 0 0 0 0 0 0 21 0 0 0 0 0 0 0 0 0 0 
0 0 0 0 0 0 0 0 0 0 0 0 0 0 139 86 0 0 0 0 0 0 0 0 0 0 0 0 0 0 0 0 0 0 0 0 0 0 0 
0 0 0 0 0 0 0 0 0 0 0 0 0 0 0 331 62 0 0 0 27 22 0 0 0 0 23 0 29 0 0 0 0 0 20 20 0 0 0 
0 0 0 0 0 0 0 0 0 0 0 0 0 0 0 0 96 0 0 0 31 26 26 0 0 0 30 0 36 0 0 0 0 0 31 26 0 0 0 
0 0 0 0 0 0 0 0 0 0 0 0 0 0 0 0 0 29 0 27 58 44 46 0 0 0 44 0 59 35 46 48 64 38 47 50 23 24 0 
0 0 0 0 0 0 0 0 0 0 0 0 0 0 0 0 0 0 318 44 26 26 34 0 0 0 31 0 35 130 115 44 52 69 33 29 25 25 23 
0 0 0 0 0 0 0 0 0 0 0 0 0 0 0 0 0 0 0 64 23 22 33 0 0 0 21 0 20 101 117 38 47 113 34 30 23 0 20 
0 0 0 0 0 0 0 0 0 0 0 0 0 0 0 0 0 0 0 0 67 55 122 0 0 34 31 0 32 41 46 40 34 153 127 120 48 57 39 
0 0 0 0 0 0 0 0 0 0 0 0 0 0 0 0 0 0 0 0 0 275 291 0 0 22 23 0 32 27 66 58 64 51 224 133 27 42 23 
0 0 0 0 0 0 0 0 0 0 0 0 0 0 0 0 0 0 0 0 0 0 227 0 0 0 22 0 28 29 70 75 64 44 173 82 0 20 21 
0 0 0 0 0 0 0 0 0 0 0 0 0 0 0 0 0 0 0 0 0 0 0 0 0 25 31 0 29 33 65 53 65 90 324 170 37 53 29 
0 0 0 0 0 0 0 0 0 0 0 0 0 0 0 0 0 0 0 0 0 0 0 0 209 31 0 212 0 0 0 19 28 0 0 22 43 71 30 
0 0 0 0 0 0 0 0 0 0 0 0 0 0 0 0 0 0 0 0 0 0 0 0 0 40 0 118 0 0 0 0 0 0 0 20 44 35 35 
0 0 0 0 0 0 0 0 0 0 0 0 0 0 0 0 0 0 0 0 0 0 0 0 0 0 43 0 32 25 0 21 21 40 22 35 115 53 179 
0 0 0 0 0 0 0 0 0 0 0 0 0 0 0 0 0 0 0 0 0 0 0 0 0 0 0 0 174 25 28 0 31 34 24 29 31 22 51 
0 0 0 0 0 0 0 0 0 0 0 0 0 0 0 0 0 0 0 0 0 0 0 0 0 0 0 0 0 0 0 0 0 0 0 0 0 21 0 
0 0 0 0 0 0 0 0 0 0 0 0 0 0 0 0 0 0 0 0 0 0 0 0 0 0 0 0 0 26 29 0 25 37 29 31 31 22 43 
0 0 0 0 0 0 0 0 0 0 0 0 0 0 0 0 0 0 0 0 0 0 0 0 0 0 0 0 0 0 96 70 116 59 27 32 30 34 33 
0 0 0 0 0 0 0 0 0 0 0 0 0 0 0 0 0 0 0 0 0 0 0 0 0 0 0 0 0 0 0 223 162 77 66 52 31 37 28 
0 0 0 0 0 0 0 0 0 0 0 0 0 0 0 0 0 0 0 0 0 0 0 0 0 0 0 0 0 0 0 0 195 48 60 41 29 37 24 
0 0 0 0 0 0 0 0 0 0 0 0 0 0 0 0 0 0 0 0 0 0 0 0 0 0 0 0 0 0 0 0 0 62 61 56 30 43 32 
0 0 0 0 0 0 0 0 0 0 0 0 0 0 0 0 0 0 0 0 0 0 0 0 0 0 0 0 0 0 0 0 0 0 88 109 61 80 56 
0 0 0 0 0 0 0 0 0 0 0 0 0 0 0 0 0 0 0 0 0 0 0 0 0 0 0 0 0 0 0 0 0 0 0 178 38 51 25 
0 0 0 0 0 0 0 0 0 0 0 0 0 0 0 0 0 0 0 0 0 0 0 0 0 0 0 0 0 0 0 0 0 0 0 0 65 114 43 
0 0 0 0 0 0 0 0 0 0 0 0 0 0 0 0 0 0 0 0 0 0 0 0 0 0 0 0 0 0 0 0 0 0 0 0 0 123 126 
0 0 0 0 0 0 0 0 0 0 0 0 0 0 0 0 0 0 0 0 0 0 0 0 0 0 0 0 0 0 0 0 0 0 0 0 0 0 60 
0 0 0 0 0 0 0 0 0 0 0 0 0 0 0 0 0 0 0 0 0 0 0 0 0 0 0 0 0 0 0 0 0 0 0 0 0 0 0 
