0 1 0.96875
1 2 0.97619
1 3 0.89474
1 4 0.95455
1 6 0.95652
1 9 0.90476
1 10 0.97297
1 11 1.00000
1 16 1.00000
1 20 0.95000
1 22 1.00000
1 25 0.96154
1 26 1.00000
1 28 0.95556
1 29 0.95000
1 33 0.86957
1 35 0.88000
1 38 1.00000
2 3 0.87500
2 4 1.00000
2 5 0.97368
2 6 0.96429
2 8 0.85000
2 9 0.96296
2 10 0.97619
2 11 0.92701
2 13 0.93103
2 14 0.98113
2 15 0.93750
2 16 0.93506
2 17 0.96774
2 18 0.89474
2 19 0.96667
2 20 0.97619
2 21 1.00000
2 22 0.94118
2 25 0.90909
2 26 0.91860
2 28 0.97380
2 29 0.96429
2 30 0.95000
2 31 0.97059
2 32 0.95652
2 33 0.97297
2 34 0.95833
2 35 0.95000
2 36 0.95455
2 37 1.00000
2 38 0.88889
3 4 0.90909
3 5 0.90385
3 6 0.89130
3 7 0.86905
3 8 0.90141
3 9 0.90299
3 10 0.90476
3 16 0.95652
3 17 1.00000
3 18 0.91304
3 19 0.95652
3 20 0.93103
3 21 1.00000
3 22 0.95238
3 23 0.85000
3 24 0.93939
3 25 0.91473
3 26 0.93548
3 28 0.93103
3 29 1.00000
3 30 1.00000
3 31 1.00000
3 32 0.92308
3 33 0.93056
3 34 0.97619
3 35 0.94872
3 36 1.00000
3 37 0.99057
3 38 0.91613
4 5 0.90756
4 6 0.97561
4 8 0.92857
4 9 0.94595
4 11 0.96296
4 15 0.95000
4 16 1.00000
4 17 0.93750
4 18 0.97436
4 19 0.98585
4 20 0.94118
4 21 0.90361
4 22 0.96954
4 25 0.92593
4 26 1.00000
4 28 0.90000
4 29 0.94444
4 30 0.89286
4 31 0.95122
4 32 1.00000
4 33 0.93805
4 34 0.95726
4 35 0.91099
4 36 0.97674
4 37 0.95312
4 38 0.94444
5 6 0.92254
5 7 0.68966
5 8 0.86364
5 9 0.91667
5 14 1.00000
5 15 1.00000
5 16 0.97959
5 17 0.96000
5 18 0.91304
5 19 0.93750
5 20 0.92697
5 21 0.93913
5 22 0.93820
5 23 0.72414
5 25 0.86957
5 26 0.95652
5 28 1.00000
5 29 1.00000
5 30 0.96429
5 31 1.00000
5 32 0.98333
5 33 0.94286
5 34 0.88649
5 35 0.95652
5 36 0.97674
5 37 0.97500
5 38 0.91176
6 8 0.95238
6 9 0.93548
6 11 1.00000
6 15 1.00000
6 16 1.00000
6 17 1.00000
6 18 0.97500
6 19 0.91613
6 20 0.91304
6 21 0.89831
6 22 0.97561
6 25 1.00000
6 26 1.00000
6 28 1.00000
6 29 1.00000
6 30 0.96970
6 31 0.91935
6 32 1.00000
6 33 0.89216
6 34 0.99681
6 35 0.93333
6 36 0.97500
6 37 0.98077
6 38 1.00000
7 8 0.92079
7 9 0.90909
7 23 1.00000
7 24 0.87891
7 25 0.92105
7 27 0.92237
7 31 0.96296
7 32 0.92593
7 33 0.82353
7 35 0.76000
7 36 0.81250
7 37 0.92683
7 38 0.78947
8 9 1.00000
8 19 0.96296
8 22 0.85000
8 23 0.84507
8 24 0.85890
8 25 0.90116
8 26 0.85185
8 27 0.67742
8 28 0.85000
8 29 1.00000
8 30 1.00000
8 31 0.96552
8 32 0.94286
8 33 0.88235
8 34 0.95000
8 35 0.81250
8 36 0.96000
8 37 0.94737
8 38 0.87097
9 10 0.90000
9 11 0.90476
9 19 1.00000
9 22 0.96296
9 23 0.91667
9 24 0.90909
9 25 0.98387
9 26 0.93548
9 28 0.90476
9 29 1.00000
9 30 1.00000
9 31 0.96970
9 32 1.00000
9 33 0.94444
9 34 0.96296
9 35 0.94444
9 36 0.98901
9 37 0.90000
9 38 0.87500
10 11 0.87368
10 19 0.75000
10 25 0.86111
10 26 0.96364
10 28 0.96721
10 36 0.90476
10 38 0.89474
11 12 0.80000
11 13 0.83333
11 14 0.89655
11 15 0.83784
11 16 1.00000
11 19 0.92593
11 20 1.00000
11 21 0.95652
11 22 0.96429
11 25 0.92857
11 26 0.89256
11 28 0.91209
11 29 0.95000
11 30 0.90000
11 32 1.00000
11 33 0.95652
11 34 1.00000
11 35 0.91667
11 36 0.95455
11 38 0.93548
12 13 0.84106
12 14 0.74194
12 15 0.62500
12 28 0.95238
13 14 0.89928
13 15 0.86047
14 15 0.93656
14 16 0.95161
14 20 0.92593
14 21 0.86364
14 26 0.91304
14 28 0.82759
14 34 1.00000
14 35 0.95000
15 16 0.93750
15 20 0.93548
15 21 0.88462
15 22 0.96154
15 26 0.76667
15 28 0.88889
15 34 0.90323
15 35 1.00000
16 17 0.89655
16 19 0.96296
16 20 0.94828
16 21 1.00000
16 22 1.00000
16 26 0.97727
16 28 0.94915
16 29 0.97143
16 30 0.97826
16 31 0.89583
16 32 0.95312
16 33 0.97368
16 34 0.97872
16 35 1.00000
16 36 0.95652
16 37 0.95833
17 18 0.99686
17 19 0.93182
17 20 0.96154
17 21 1.00000
17 22 0.94118
17 26 0.96774
17 28 1.00000
17 29 0.97692
17 30 0.93913
17 31 0.90909
17 32 0.90385
17 33 0.92754
17 34 0.96970
17 35 1.00000
17 36 0.92000
17 37 0.92000
17 38 1.00000
18 19 0.96875
18 20 1.00000
18 21 0.90909
18 22 0.96970
18 26 0.95238
18 28 0.90000
18 29 0.87129
18 30 0.93162
18 31 0.86842
18 32 0.89362
18 33 0.92035
18 34 0.91176
18 35 1.00000
18 36 1.00000
18 38 1.00000
19 20 0.92537
19 21 0.90909
19 22 0.91803
19 25 1.00000
19 26 0.93548
19 28 0.87500
19 29 0.97561
19 30 0.89130
19 31 0.92500
19 32 0.97059
19 33 0.97386
19 34 0.89764
19 35 0.87500
19 36 1.00000
19 37 0.89474
19 38 1.00000
20 21 0.94182
20 22 0.93471
20 25 0.95455
20 26 1.00000
20 28 0.96875
20 29 1.00000
20 30 0.90909
20 31 0.87931
20 32 0.93750
20 33 0.92157
20 34 0.91964
20 35 0.93233
20 36 0.96296
20 37 1.00000
20 38 0.91304
21 22 0.93833
21 26 0.95455
21 28 1.00000
21 29 0.93103
21 30 0.91429
21 31 0.94667
21 32 0.93750
21 33 0.90909
21 34 0.90173
21 35 0.95122
21 37 0.85000
21 38 0.95238
22 25 0.92000
22 26 0.96774
22 28 1.00000
22 29 0.96970
22 30 0.95385
22 31 0.94340
22 32 1.00000
22 33 0.91111
22 34 1.00000
22 35 0.91176
22 36 1.00000
22 37 1.00000
22 38 0.93103
23 24 0.88038
23 25 0.87097
23 27 0.92453
23 31 0.89474
23 32 0.92857
23 35 0.81818
23 36 0.83721
23 37 0.87324
23 38 0.70000
24 25 0.72500
24 27 0.90678
24 35 0.70000
24 36 0.79545
24 37 0.82857
24 38 0.62857
25 26 0.95349
25 28 0.90625
25 29 0.92000
25 31 0.95238
25 32 1.00000
25 33 0.87500
25 34 0.90909
25 35 0.85714
25 36 0.95652
25 37 0.98113
25 38 0.93855
26 28 0.94828
26 29 1.00000
26 30 1.00000
26 32 0.96774
26 33 0.97059
26 34 0.95833
26 35 0.96552
26 36 0.93548
26 37 0.95455
26 38 0.96078
27 37 0.66667
28 29 0.96154
28 30 0.93103
28 32 1.00000
28 33 0.94595
28 34 0.96552
28 35 0.93548
28 36 0.93548
28 37 0.90909
28 38 0.93023
29 30 0.88542
29 31 0.84286
29 32 0.88793
29 33 0.98305
29 34 1.00000
29 35 1.00000
29 36 1.00000
29 37 0.97059
29 38 0.93939
30 31 0.90135
30 32 0.91358
30 33 0.97403
30 34 1.00000
30 35 0.96154
30 36 0.93548
30 37 0.91892
30 38 1.00000
31 32 0.90256
31 33 0.95833
31 34 1.00000
31 35 1.00000
31 36 0.96552
31 37 0.97297
31 38 1.00000
32 33 0.95161
32 34 1.00000
32 35 1.00000
32 36 0.96667
32 37 1.00000
32 38 1.00000
33 34 0.87500
33 35 0.93578
33 36 1.00000
33 37 0.93750
33 38 1.00000
34 35 0.88202
34 36 0.97368
34 37 1.00000
34 38 0.96000
35 36 0.96923
35 37 0.93860
35 38 0.93023
36 37 0.95935
36 38 0.92857
37 38 0.96667
